00000000000000000000000000000000000000000000000000000000
00000000000000000000000000000000000000000000000000000000
00000000000000000000000000000000000000000000000000000000
00000000000000000000000000000000000000000000000000000000 
00000000000000000000000000000000000000000000000000000000
00000000000000000000000000000000000000000000000000000000 
44000000000000000000000000000000000000000000000000000044 
44004444444400444400444444444444444400444400444444440044
44004444444400444400444444444444444400444400444444440044 
44004444444400444400444444444444444400444400444444440044
44004444444400444400444444444444444400444400444444440044
44000000000000444400000000444400000000444400000000000044
44000000000000444400000000444400000000444400000000000044 
44444444444400444444444400444400444444444400444444444444
44444444444400444444444400444400444444444400444444444444 
00000000004400444444444400444400444444444400440000000000
00000000004400444444444400444400444444444400440000000000 
00000000004400444400000000000000000000444400440000000000
00000000004400444400000000000000000000444400440000000000 
00000000004400444400444444000044444400444400440000000000
00000000004400444400444444000044444400444400440000000000 
44444444444400444400440000000000004400444400444444444444
44444444444400444400440000000000004400444400444444444444 
00000000000000000000440000000000004400000000000000000000
00000000000000000000440000000000004400000000000000000000
44444444444400444400440000000000004400444400444444444444
44444444444400444400440000000000004400444400444444444444 
00000000004400444400444444444444444400444400440000000000
00000000004400444400444444444444444400444400440000000000 
00000000004400444400000000000000000000444400440000000000
00000000004400444400000000000000000000444400440000000000 
00000000004400444400444444444444444400444400440000000000
00000000004400444400444444444444444400444400440000000000 
44444444444400444400444444444444444400444400444444444444
44444444444400444400444444444444444400444400444444444444 
44000000000000000000000000444400000000000000000000000044
44000000000000000000000000444400000000000000000000000044 
44004444444400444444444400444400444444444400444444440044
44004444444400444444444400444400444444444400444444440044 
44004444444400444444444400444400444444444400444444440044
44004444444400444444444400444400444444444400444444440044 
44000000444400000000000000000000000000000000444400000044
44000000444400000000000000000000000000000000444400000044 
44444400444400444400444444444444444400444400444400444444
44444400444400444400444444444444444400444400444400444444 
44444400444400444400444444444444444400444400444400444444
44444400444400444400444444444444444400444400444400444444 
44000000000000444400000000444400000000444400000000000044
44000000000000444400000000444400000000444400000000000044 
44004444444444444444444400444400444444444444444444440044
44004444444444444444444400444400444444444444444444440044 
44004444444444444444444400444400444444444444444444440044
44004444444444444444444400444400444444444444444444440044 
44000000000000000000000000000000000000000000000000000044
44000000000000000000000000000000000000000000000000000044 
44444444444444444444444444444444444444444444444444444444
44444444444444444444444444444444444444444444444444444444 
00000000000000000000000000000000000000000000000000000000 
00000000000000000000000000000000000000000000000000000000
00000000000000000000000000000000000000000000000000000000
00000000000000000000000000000000000000000000000000000000