1000040000000000000000000000 
0042000040300000000000000000 
4040404040400000000000000000 
0000000020000000000000000000 
2400444004000000000000000000 
0000030000000000000000000000 
4404040404400000000000000000 
3000040000000000000000000000 
0020000000000000000000000000 
0404040404000000000000000000 
0000040020000000000000000000 
0000000000000000000000000000 
0000000000000000000000000000 
0000000000000000000000000000 
0000000000000000000000000000 
0000000000000000000000000000 
0000000000000000000000000000 
0000000000000000000000000000 
0000000000000000000000000000 
0000000000000000000000000000 
0000000000000000000000000000 
0000000000000000000000000000 
0000000000000000000000000000 
0000000000000000000000000000 
0000000000000000000000000000 
0000000000000000000000000000 
0000000000000000000000000000 
0000000000000000000000000000 
0000000000000000000000000000 
0000000000000000000000000000 
0000000000000000000000000000 
0000000000000000000000000000 
0000000000000000000000000000 
0000000000000000000000000000 
0000000000000000000000000000 
0000000000000000000000000000