00000000000000000000000000000000000000000000000000000000
00000000000000000000000000000000000000000000000000000000
00000000000000000000000000000000000000000000000000000000
00000000000000000000000000000000000000000000000000000000 
00000000000000000000000000000000000000000000000000000000
00000000000000000000000000000000000000000000000000000000 
44444444444444444444444444444444444444444444444444444444
40000000000000000000000000044000000000000000000000000004
40000000000000000000000000044000000000000000000000000004
40000000000000000000000000044000000000000000000000000004 
40000000000000000000000000044000000000000000000000000004
40000444444000044444444000044000044444444000044444400004 
40000444444000044444444000044000044444444000044444400004
40000444444000044444444000044000044444444000044444400004 
40000444444000044444444000044000044444444000044444400004
40000000000000000000000000000000000000000000000000000004 
40000000000000000000000000000000000000000000000000000004
40000000000000000000000000000000000000000000000000000004 
40000000000000000000000000000000000000000000000000000004
40000444444000044000044444444444444000044000044444400004 
40000444444000044000044444444444444000044000044444400004
40000000000000044000000000044000000000044000000000000004
40000000000000044000000000044000000000044000000000000004
40000000000000044000000000044000000000044000000000000004 
40000000000000044000000000044000000000044000000000000004
44444444444000044444444000044000044444444000044444444444 
00000000004000044444444000044000044444444000040000000000
00000000004000044000000000000000000000044000040000000000 
00000000004000044000000000000000000000044000040000000000
00000000004000044000000000000000000000044000040000000000 
00000000004000044000000000000000000000044000040000000000
00000000004000044000044444000044444000044000040000000000 
44444444444000044000040000000000004000044000044444444444
00000000000000000000040000000000004000000000000000000000 
00000000000000000000040000000000004000000000000000000000
00000000000000000000040000000000004000000000000000000000
00000000000000000000040000000000004000000000000000000000
44444444444000044000040000000000004000044000044444444444 
00000000004000044000044444444444444000044000040000000000
00000000004000044000000000000000000000044000040000000000 
00000000004000044000000000000000000000044000040000000000
00000000004000044000000000000000000000044000040000000000 
00000000004000044000000000000000000000044000040000000000
00000000004000044000044444444444444000044000040000000000 
44444444444000044000044444444444444000044000044444444444
40000000000000000000000000044000000000000000000000000004 
40000000000000000000000000044000000000000000000000000004
40000000000000000000000000044000000000000000000000000004 
40000000000000000000000000044000000000000000000000000004
40000444444000044444444000044000044444444000044444400004 
40000444444000044444444000044000044444444000044444400004
40000000044000000000000000000000000000000000044000000004 
40000000044000000000000000000000000000000000044000000004
40000000044000000000000000000000000000000000044000000004 
40000000044000000000000000000000000000000000044000000004
44444000044000044000044444444444444000044000044000044444 
44444000044000044000044444444444444000044000044000044444
40000000000000044000000000044000000000044000000000000004 
40000000000000044000000000044000000000044000000000000004
40000000000000044000000000044000000000044000000000000004 
40000000000000044000000000044000000000044000000000000004
40000444444444444444444000044000044444444444444444400004 
40000444444444444444444000044000044444444444444444400004
40000000000000000000000000000000000000000000000000000004 
40000000000000000000000000000000000000000000000000000004
40000000000000000000000000000000000000000000000000000004 
40000000000000000000000000000000000000000000000000000004
44444444444444444444444444444444444444444444444444444444 
00000000000000000000000000000000000000000000000000000000 
00000000000000000000000000000000000000000000000000000000
00000000000000000000000000000000000000000000000000000000
00000000000000000000000000000000000000000000000000000000