00000000000000000000000000000000000000000000000000000000
00000000000000000000000000000000000000000000000000000000
00000000000000000000000000000000000000000000000000000000
00000000000000000000000000000000000000000000000000000000 
00000000000000000000000000000000000000000000000000000000
00000000000000000000000000000000000000000000000000000000 
00000000000000000000000000000000000000000000000000000000
00000000000000000000000000000000000000000000000000000000
00000000000000000000000000000000000000000000000000000000
00000000000000000000000000000000000000000000000000000000 
00000000000000000000000000000000000000000000000000000000
00000000000000000000000000000000000000000000000000000000 
00000000000000000000000000000000000000000000000000000000
00000000000000000000000000000000000000000000000000000000
00000000000000000000000000000000000000000000000000000000
00000000000000000000000000000000000000000000000000000000 
00000000000000000000000000000000000000000000000000000000
00000000000000000000000000000000000000000000000000000000 
00000000000000000000000000000000000000000000000000000000
00000000000000000000000000000000000000000000000000000000 
00000000000000000000000000000000000000000000000000000000
00000000000000000000000000000000000000000000000000000000
00000000000000000000000000000000000000000000000000000000
00000000000000000000000044000004400000000000000000000000 
00000000000000000000000040000000400000000000000000000000
00000000000000000000000040000000400000000000000000000000 
00000000000000000000000040000000400000000000000000000000
00000000000000000000000040000000400000000000000000000000 
00000000000000000000000040000000400000000000000000000000
00000000000000000000000040000000400000000000000000000000 
00000000000000000000000040000000400000000000000000000000
00000000000000000000000044000000400000000000000000000000 
00000000000000000000000000000000000000000000000000000000
00000000000000000000000000000000000000000000000000000000 
00000000000000000000000000000000000000000000000000000000
00000000000000000000000000000000000000000000000000000000
00000000000000000000000000000000000000000000000000000000
00000000000000000000000000000000000000000000000000000000 
00000000000000004444444440000000444444444000000000000000
00000000000000000000000040000000400000000000000000000000 
00000000000000000000000040000000444444444444444440000000
00000000000000000000000040000000400000000000000040000000 
00000000000000000000000040000000400000000000000040000000
00000000000000000000000040000000400000000000000040000000
00000000000000000000000044000004400000000000000040000000 
00000000000000000000000040000000400000000000000040000000 
00000000000000000000000040000000400000000000000040000000
00000000000000000000000000000000000000000000000040000000 
00000000000000000000000000000000000000000000000040000000
00000000000000000000000000000000000000000000000040000000 
00000000000000000444444444444444444444000000000040000000
00000000000000000000000000000000000000000000000040000000 
00000000000000000000000000000000000000000000000040000000
00000000000000000000000000000000000000000000000044440000 
00000000000000000000000000000000000000000000000000000000
00000000000000000000000000000000000000000000000000000000 
00000000000000000000000000000000000000000000000000000000
00000000000000000000000000000000000000000000000000000000 
00000000000040000000040000000000040000000000000000000000
00000000000000000000000000000000000000000000000000000000 
00000000000000000000000000000000000000000000000000000000
00000000000000000000000000000000000000000000000000000000 
00000000000000000000000000000000000000000000000000000000
00000000000000000000000000000000000000000000000000000000 
00000000000000000000000000000000000000000000000000000000
00000000000000000000000000000000000000000000000000000000 
00000000000000000000000000000000000000000000000000000000
00000000000000000000000000000000000000000000000000000000 
00000000000000000000000000000000000000000000000000000000 
00000000000000000000000000000000000000000000000000000000
00000000000000000000000000000000000000000000000000000000
00000000000000000000000000000000000000000000000000000000