0000000000000000000000000000
0000000000000000000000000000 
0000000000000000000000000000 
4444444444444444444444444444
4000000000000440000000000004 
4044440444440440444440444404 
4044440444440440444440444404 
4044440444440440444440444404 
4000000000000000000000000004 
4044440440444444440440444404 
4044440440444444440440444404
4000000440000440000440000004 
4444440444440440444440444444 
0000040444440440444440400000 
0000040440000000000440400000 
0000040440444004440440400000 
4444440440400000040440444444 
0000000000400000040000000000
4444440440400000040440444444 
0000040440444444440440400000 
0000040440000000000440400000 
0000040440444444440440400000 
4444440440444444440440444444 
4000000000000440000000000004 
4044440444440440444440444404 
4044440444440440444440444404 
4000440000000000000000440004 
4440440440444444440440440444 
4440440440444444440440440444 
4000000440000440000440000004 
4044444444440440444444444404 
4044444444440440444444444404 
4000000000000000000000000004 
4444444444444444444444444444 
0000000000000000000000000000 
0000000000000000000000000000